Ten numbers in almost sorted order 
1 2 4 3 5 6 7 8 10 9
Ten numbers in random order
88 4 30	28 82 47 30 11 34 84
Ten numbers in reverse order
89 78 56 44 30 27 24 18 11 6
Fifty numbers in almost sorted order
2 6 7 8 9 11 12 53 22 23 24 28 43 32 35 94 37 39 39 42 30 43 44 46 52 22 55 57 58 60 62 64 65 65 66 68 71 72 73 74 78 78 80 82 85 88 90 36 98 99
Fifty numbers in random order
2 86 57 65 49 84 24 76 77 38 50 64 23 79 33 63 12 65 66 56 36 48 24 51 10 57 60 31 47 30 59 54 70 7 14 47 55 73 52 44 69 95 66 4 84 57 39 48 91 82
Fifty numbers in reverse order
99 98 97 92 87 82 78 77 77 76 70 70 69 67 58 55 54 51 51 51 50 50 49 48 48 46 46 39 38 35 31 30 25 24 23 21 20 19 19 18 17 16 15 14 12 7 5 5 4 1
One Hundred numbers in almmost sorted order 
0 3 4 4 5 5 31 5 6 7 8 10 10 11 11 12 13 13 14 17 20 21 21 24 24 25 28 29 29 30 5 31 32 35 39 40 41 41 42 42 44 44 44 44 45 47 50 52 53 53 1 54 54 54 60 60 62 63 66 66 83 67 67 70 71 72 73 86 74 77 78 79 80 81 82 84 84 90 87 87 88 89 7 91 93 93 93 94 95 96 96 96 97 97 97 97 98 98 98 99
One hundred numbers in random order
10 97 96 88 11 19 51 41 83  67 65 44 5 37 66 75 69 15 25 49 40 56 76  96 3 62 37 28 29 32 63 99 44 41 38 0 74 22 64 45 97 18 51 8 42 43 58 48 96 69 32 91 96 13 24 57 55 11 33 53 96 84 22 36 28 76 57 35 60 55 66 24 39 37 63 63 8 91 75 59 78 43 94 38 76 57 47 6 21 7 58 84 56 51 80 47 8 5 18 57
One hundred numbers in reverse order
99 99 98 97 97 96 95 94 93 92 92 92 92 90 89 89 87 86 84 82 80 79 77 74 71 71 70 69 68 67 63 63 63 63 61 61 60 60 59 59 57 54 54 53 53 53 52 52 52 51 51 51 50 50 48 48 47 47 45 44 43 43 41 39 39 36 35 35 34 34 34 33 32 32 31 30 29 28 26 26 26 26 22 21 20 20 20 14 14 10 9 9 7 5 5 3 3 2 1 0